{'White': 0.7657863489444074, 
'Yellow': 0, 
'Red': 2.451662225116757,
 'Orange': 0,
 'Green': 0, 
'Blue': 0.7825514259388353}
